

Dataset_1 Fragment_1 [1-183]
----------------- Nodes -------------------
  class  label index (left right anc) | NetNode[info]       (left right anc) |        time    time length   branch lenght
---------------------------------------------------------------------------------------------------------------
    root    16     2 (   3    4   -1) |     22[root]     (   21    20    -1) |      760.18           0.00        0.000000
internal    11     3 (   7    6    2) |     21           (   15     2    22) |      683.47          76.70        0.008437
internal    10     7 (  10    9    3) |     15           (    6     7    21) |      230.40         453.07        0.049838
     tip     7    10 (  -1   -1    7) |      6[seq00007] (   -1    -1    15) |        0.00         230.40        0.025344
     tip     8     9 (  -1   -1    7) |      7[seq00008] (   -1    -1    15) |        0.00         230.40        0.025344
     tip     3     6 (  -1   -1    3) |      2[seq00003] (   -1    -1    21) |        0.00         683.47        0.075182
internal    15     4 (  11   12    2) |     20           (   17     0    22) |      569.04         191.13        0.021025
internal    14    11 (  16   14    4) |     17           (   11    10    20) |      455.41         113.63        0.012499
internal    12    16 (  19   18   11) |     11           (    3     1    17) |       66.81         388.61        0.042747
     tip     4    19 (  -1   -1   16) |      3[seq00004] (   -1    -1    11) |        0.00          66.81        0.007349
     tip     2    18 (  -1   -1   16) |      1[seq00002] (   -1    -1    11) |        0.00          66.81        0.007349
internal    13    14 (  20   21   11) |     10           (    5     4    17) |       41.56         413.86        0.045524
     tip     6    20 (  -1   -1   14) |      5[seq00006] (   -1    -1    10) |        0.00          41.56        0.004571
     tip     5    21 (  -1   -1   14) |      4[seq00005] (   -1    -1    10) |        0.00          41.56        0.004571
     tip     1    12 (  -1   -1    4) |      0[seq00001] (   -1    -1    20) |        0.00         569.04        0.062595
outgroup     9    89 (  -1   -1    2) |     24[outgroup] (   -1    -1    22) |        0.00         909.09        0.100000


Dataset_1 Fragment_2 [184-265]
----------------- Nodes -------------------
  class  label index (left right anc) | NetNode[info]       (left right anc) |        time    time length   branch lenght
---------------------------------------------------------------------------------------------------------------
    root    16    24 (  25   26   -1) |     22[root]     (   21    20    -1) |      760.18           0.00        0.000000
internal    11    25 (  29   28   24) |     21           (   15     2    22) |      683.47          76.70        0.008437
internal    10    29 (  32   31   25) |     15           (    6     7    21) |      230.40         453.07        0.049838
     tip     7    32 (  -1   -1   29) |      6[seq00007] (   -1    -1    15) |        0.00         230.40        0.025344
     tip     8    31 (  -1   -1   29) |      7[seq00008] (   -1    -1    15) |        0.00         230.40        0.025344
     tip     3    28 (  -1   -1   25) |      2[seq00003] (   -1    -1    21) |        0.00         683.47        0.075182
internal    15    26 (  33   34   24) |     20           (   17     0    22) |      569.04         191.13        0.021025
internal    14    33 (  35   36   26) |     17           (   16    10    20) |      455.41         113.63        0.012499
internal    12    35 (  39   41   33) |     16           (    3     1    17) |      416.34          39.07        0.004298
     tip     4    39 (  -1   -1   35) |      3[seq00004] (   -1    -1    16) |        0.00         416.34        0.045797
     tip     2    41 (  -1   -1   35) |      1[seq00002] (   -1    -1    16) |        0.00         416.34        0.045797
internal    13    36 (  42   43   33) |     10           (    5     4    17) |       41.56         413.86        0.045524
     tip     6    42 (  -1   -1   36) |      5[seq00006] (   -1    -1    10) |        0.00          41.56        0.004571
     tip     5    43 (  -1   -1   36) |      4[seq00005] (   -1    -1    10) |        0.00          41.56        0.004571
     tip     1    34 (  -1   -1   26) |      0[seq00001] (   -1    -1    20) |        0.00         569.04        0.062595
outgroup     9    90 (  -1   -1   24) |     25[outgroup] (   -1    -1    22) |        0.00         909.09        0.100000


Dataset_1 Fragment_3 [266-323]
----------------- Nodes -------------------
  class  label index (left right anc) | NetNode[info]       (left right anc) |        time    time length   branch lenght
---------------------------------------------------------------------------------------------------------------
    root    16    46 (  47   48   -1) |     22[root]     (   21    20    -1) |      760.18           0.00        0.000000
internal    10    47 (  52   50   46) |     21           (    7     2    22) |      683.47          76.70        0.008437
     tip     8    52 (  -1   -1   47) |      7[seq00008] (   -1    -1    21) |        0.00         683.47        0.075182
     tip     3    50 (  -1   -1   47) |      2[seq00003] (   -1    -1    21) |        0.00         683.47        0.075182
internal    15    48 (  53   54   46) |     20           (   17     0    22) |      569.04         191.13        0.021025
internal    14    53 (  55   56   48) |     17           (   16    10    20) |      455.41         113.63        0.012499
internal    12    55 (  59   58   53) |     16           (    3    14    17) |      416.34          39.07        0.004298
     tip     4    59 (  -1   -1   55) |      3[seq00004] (   -1    -1    16) |        0.00         416.34        0.045797
internal    11    58 (  62   63   55) |     14           (    6     1    16) |      178.02         238.32        0.026216
     tip     7    62 (  -1   -1   58) |      6[seq00007] (   -1    -1    14) |        0.00         178.02        0.019582
     tip     2    63 (  -1   -1   58) |      1[seq00002] (   -1    -1    14) |        0.00         178.02        0.019582
internal    13    56 (  64   65   53) |     10           (    5     4    17) |       41.56         413.86        0.045524
     tip     6    64 (  -1   -1   56) |      5[seq00006] (   -1    -1    10) |        0.00          41.56        0.004571
     tip     5    65 (  -1   -1   56) |      4[seq00005] (   -1    -1    10) |        0.00          41.56        0.004571
     tip     1    54 (  -1   -1   48) |      0[seq00001] (   -1    -1    20) |        0.00         569.04        0.062595
outgroup     9    91 (  -1   -1   46) |     26[outgroup] (   -1    -1    22) |        0.00         909.09        0.100000


Dataset_1 Fragment_4 [324-765]
----------------- Nodes -------------------
  class  label index (left right anc) | NetNode[info]       (left right anc) |        time    time length   branch lenght
---------------------------------------------------------------------------------------------------------------
    root    16    66 (  68   87   -1) |     23[root]     (   22     7    -1) |      994.25           0.00        0.000000
internal    15    68 (  72   71   66) |     22           (    2    20    23) |      760.18         234.07        0.025748
     tip     3    72 (  -1   -1   68) |      2[seq00003] (   -1    -1    22) |        0.00         760.18        0.083619
internal    14    71 (  73   74   68) |     20           (   17     0    22) |      569.04         191.13        0.021025
internal    13    73 (  75   76   71) |     17           (   16    10    20) |      455.41         113.63        0.012499
internal    11    75 (  79   78   73) |     16           (    3    14    17) |      416.34          39.07        0.004298
     tip     4    79 (  -1   -1   75) |      3[seq00004] (   -1    -1    16) |        0.00         416.34        0.045797
internal    10    78 (  82   83   75) |     14           (    6     1    16) |      178.02         238.32        0.026216
     tip     7    82 (  -1   -1   78) |      6[seq00007] (   -1    -1    14) |        0.00         178.02        0.019582
     tip     2    83 (  -1   -1   78) |      1[seq00002] (   -1    -1    14) |        0.00         178.02        0.019582
internal    12    76 (  84   85   73) |     10           (    5     4    17) |       41.56         413.86        0.045524
     tip     6    84 (  -1   -1   76) |      5[seq00006] (   -1    -1    10) |        0.00          41.56        0.004571
     tip     5    85 (  -1   -1   76) |      4[seq00005] (   -1    -1    10) |        0.00          41.56        0.004571
     tip     1    74 (  -1   -1   71) |      0[seq00001] (   -1    -1    20) |        0.00         569.04        0.062595
     tip     8    87 (  -1   -1   66) |      7[seq00008] (   -1    -1    23) |        0.00         994.25        0.109367
outgroup     9    92 (  -1   -1   66) |     27[outgroup] (   -1    -1    23) |        0.00         909.09        0.100000


Dataset_2 Fragment_1 [1-80]
----------------- Nodes -------------------
  class  label index (left right anc) | NetNode[info]       (left right anc) |        time    time length   branch lenght
---------------------------------------------------------------------------------------------------------------
    root    16     1 (   7    3   -1) |     35[root]     (    5    32    -1) |     1079.74           0.00        0.000000
     tip     6     7 (  -1   -1    1) |      5[seq00006] (   -1    -1    35) |        0.00        1079.74        0.118772
internal    15     3 (  11   27    1) |     32           (   21    13    35) |      878.57         201.18        0.022129
internal    13    11 (  14   19    3) |     21           (   14    12    32) |      714.78         163.79        0.018017
internal    11    14 (  15   16   11) |     14           (    7     8    21) |      419.74         295.04        0.032455
     tip     8    15 (  -1   -1   14) |      7[seq00008] (   -1    -1    14) |        0.00         419.74        0.046171
internal    10    16 (  17   18   14) |      8           (    6     3    14) |        2.36         417.37        0.045911
     tip     7    17 (  -1   -1   16) |      6[seq00007] (   -1    -1     8) |        0.00           2.36        0.000260
     tip     4    18 (  -1   -1   16) |      3[seq00004] (   -1    -1     8) |        0.00           2.36        0.000260
internal    12    19 (  22   23   11) |     12           (    0     2    21) |      171.17         543.61        0.059797
     tip     1    22 (  -1   -1   19) |      0[seq00001] (   -1    -1    12) |        0.00         171.17        0.018828
     tip     3    23 (  -1   -1   19) |      2[seq00003] (   -1    -1    12) |        0.00         171.17        0.018828
internal    14    27 (  28   29    3) |     13           (    1     4    32) |      354.75         523.82        0.057620
     tip     2    28 (  -1   -1   27) |      1[seq00002] (   -1    -1    13) |        0.00         354.75        0.039022
     tip     5    29 (  -1   -1   27) |      4[seq00005] (   -1    -1    13) |        0.00         354.75        0.039022
outgroup     9   207 (  -1   -1    1) |     36[outgroup] (   -1    -1    35) |        0.00         909.09        0.100000


Dataset_2 Fragment_2 [81-149]
----------------- Nodes -------------------
  class  label index (left right anc) | NetNode[info]       (left right anc) |        time    time length   branch lenght
---------------------------------------------------------------------------------------------------------------
    root    16    30 (  37   33   -1) |     35[root]     (    5    32    -1) |     1079.74           0.00        0.000000
     tip     6    37 (  -1   -1   30) |      5[seq00006] (   -1    -1    35) |        0.00        1079.74        0.118772
internal    15    33 (  41   57   30) |     32           (   21    13    35) |      878.57         201.18        0.022129
internal    13    41 (  44   50   33) |     21           (   14    11    32) |      714.78         163.79        0.018017
internal    11    44 (  45   46   41) |     14           (    7     8    21) |      419.74         295.04        0.032455
     tip     8    45 (  -1   -1   44) |      7[seq00008] (   -1    -1    14) |        0.00         419.74        0.046171
internal    10    46 (  47   48   44) |      8           (    6     3    14) |        2.36         417.37        0.045911
     tip     7    47 (  -1   -1   46) |      6[seq00007] (   -1    -1     8) |        0.00           2.36        0.000260
     tip     4    48 (  -1   -1   46) |      3[seq00004] (   -1    -1     8) |        0.00           2.36        0.000260
internal    12    50 (  51   53   41) |     11           (    2     0    21) |      133.04         581.74        0.063991
     tip     3    51 (  -1   -1   50) |      2[seq00003] (   -1    -1    11) |        0.00         133.04        0.014635
     tip     1    53 (  -1   -1   50) |      0[seq00001] (   -1    -1    11) |        0.00         133.04        0.014635
internal    14    57 (  58   59   33) |     13           (    1     4    32) |      354.75         523.82        0.057620
     tip     2    58 (  -1   -1   57) |      1[seq00002] (   -1    -1    13) |        0.00         354.75        0.039022
     tip     5    59 (  -1   -1   57) |      4[seq00005] (   -1    -1    13) |        0.00         354.75        0.039022
outgroup     9   208 (  -1   -1   30) |     37[outgroup] (   -1    -1    35) |        0.00         909.09        0.100000


Dataset_2 Fragment_3 [150-183]
----------------- Nodes -------------------
  class  label index (left right anc) | NetNode[info]       (left right anc) |        time    time length   branch lenght
---------------------------------------------------------------------------------------------------------------
    root    16    60 (  66   63   -1) |     35[root]     (    5    32    -1) |     1079.74           0.00        0.000000
     tip     6    66 (  -1   -1   60) |      5[seq00006] (   -1    -1    35) |        0.00        1079.74        0.118772
internal    15    63 (  70   86   60) |     32           (   21    13    35) |      878.57         201.18        0.022129
internal    13    70 (  73   79   63) |     21           (   14    11    32) |      714.78         163.79        0.018017
internal    11    73 (  74   75   70) |     14           (    7     8    21) |      419.74         295.04        0.032455
     tip     8    74 (  -1   -1   73) |      7[seq00008] (   -1    -1    14) |        0.00         419.74        0.046171
internal    10    75 (  76   77   73) |      8           (    6     3    14) |        2.36         417.37        0.045911
     tip     7    76 (  -1   -1   75) |      6[seq00007] (   -1    -1     8) |        0.00           2.36        0.000260
     tip     4    77 (  -1   -1   75) |      3[seq00004] (   -1    -1     8) |        0.00           2.36        0.000260
internal    12    79 (  80   82   70) |     11           (    2     0    21) |      133.04         581.74        0.063991
     tip     3    80 (  -1   -1   79) |      2[seq00003] (   -1    -1    11) |        0.00         133.04        0.014635
     tip     1    82 (  -1   -1   79) |      0[seq00001] (   -1    -1    11) |        0.00         133.04        0.014635
internal    14    86 (  87   88   63) |     13           (    1     4    32) |      354.75         523.82        0.057620
     tip     2    87 (  -1   -1   86) |      1[seq00002] (   -1    -1    13) |        0.00         354.75        0.039022
     tip     5    88 (  -1   -1   86) |      4[seq00005] (   -1    -1    13) |        0.00         354.75        0.039022
outgroup     9   209 (  -1   -1   60) |     38[outgroup] (   -1    -1    35) |        0.00         909.09        0.100000


Dataset_2 Fragment_4 [184-254]
----------------- Nodes -------------------
  class  label index (left right anc) | NetNode[info]       (left right anc) |        time    time length   branch lenght
---------------------------------------------------------------------------------------------------------------
    root    16    89 (  93  108   -1) |     35[root]     (   33    19    -1) |     1079.74           0.00        0.000000
internal    11    93 (  96  102   89) |     33           (    5    11    35) |      935.97         143.77        0.015815
     tip     6    96 (  -1   -1   93) |      5[seq00006] (   -1    -1    33) |        0.00         935.97        0.102957
internal    10   102 ( 103  105   93) |     11           (    2     0    33) |      133.04         802.93        0.088322
     tip     3   103 (  -1   -1  102) |      2[seq00003] (   -1    -1    11) |        0.00         133.04        0.014635
     tip     1   105 (  -1   -1  102) |      0[seq00001] (   -1    -1    11) |        0.00         133.04        0.014635
internal    15   108 ( 111  116   89) |     19           (   14    13    35) |      698.76         380.98        0.041908
internal    13   111 ( 112  113  108) |     14           (    7     8    19) |      419.74         279.03        0.030693
     tip     8   112 (  -1   -1  111) |      7[seq00008] (   -1    -1    14) |        0.00         419.74        0.046171
internal    12   113 ( 114  115  111) |      8           (    6     3    14) |        2.36         417.37        0.045911
     tip     7   114 (  -1   -1  113) |      6[seq00007] (   -1    -1     8) |        0.00           2.36        0.000260
     tip     4   115 (  -1   -1  113) |      3[seq00004] (   -1    -1     8) |        0.00           2.36        0.000260
internal    14   116 ( 117  118  108) |     13           (    1     4    19) |      354.75         344.02        0.037842
     tip     2   117 (  -1   -1  116) |      1[seq00002] (   -1    -1    13) |        0.00         354.75        0.039022
     tip     5   118 (  -1   -1  116) |      4[seq00005] (   -1    -1    13) |        0.00         354.75        0.039022
outgroup     9   210 (  -1   -1   89) |     39[outgroup] (   -1    -1    35) |        0.00         909.09        0.100000


Dataset_2 Fragment_5 [255-598]
----------------- Nodes -------------------
  class  label index (left right anc) | NetNode[info]       (left right anc) |        time    time length   branch lenght
---------------------------------------------------------------------------------------------------------------
    root    16   119 ( 123  144   -1) |     35[root]     (   33    14    -1) |     1079.74           0.00        0.000000
internal    13   123 ( 126  130  119) |     33           (    5    20    35) |      935.97         143.77        0.015815
     tip     6   126 (  -1   -1  123) |      5[seq00006] (   -1    -1    33) |        0.00         935.97        0.102957
internal    12   130 ( 133  136  123) |     20           (   13    11    33) |      709.45         226.52        0.024917
internal    10   133 ( 134  135  130) |     13           (    1     4    20) |      354.75         354.70        0.039017
     tip     2   134 (  -1   -1  133) |      1[seq00002] (   -1    -1    13) |        0.00         354.75        0.039022
     tip     5   135 (  -1   -1  133) |      4[seq00005] (   -1    -1    13) |        0.00         354.75        0.039022
internal    11   136 ( 137  139  130) |     11           (    2     0    20) |      133.04         576.41        0.063405
     tip     3   137 (  -1   -1  136) |      2[seq00003] (   -1    -1    11) |        0.00         133.04        0.014635
     tip     1   139 (  -1   -1  136) |      0[seq00001] (   -1    -1    11) |        0.00         133.04        0.014635
internal    15   144 ( 145  146  119) |     14           (    7     8    35) |      419.74         660.00        0.072601
     tip     8   145 (  -1   -1  144) |      7[seq00008] (   -1    -1    14) |        0.00         419.74        0.046171
internal    14   146 ( 147  148  144) |      8           (    6     3    14) |        2.36         417.37        0.045911
     tip     7   147 (  -1   -1  146) |      6[seq00007] (   -1    -1     8) |        0.00           2.36        0.000260
     tip     4   148 (  -1   -1  146) |      3[seq00004] (   -1    -1     8) |        0.00           2.36        0.000260
outgroup     9   211 (  -1   -1  119) |     40[outgroup] (   -1    -1    35) |        0.00         909.09        0.100000


Dataset_2 Fragment_6 [599-703]
----------------- Nodes -------------------
  class  label index (left right anc) | NetNode[info]       (left right anc) |        time    time length   branch lenght
---------------------------------------------------------------------------------------------------------------
    root    16   151 ( 152  173   -1) |     34[root]     (   33    14    -1) |      959.39           0.00        0.000000
internal    13   152 ( 156  160  151) |     33           (    5    20    34) |      935.97          23.42        0.002576
     tip     6   156 (  -1   -1  152) |      5[seq00006] (   -1    -1    33) |        0.00         935.97        0.102957
internal    12   160 ( 163  166  152) |     20           (   13    11    33) |      709.45         226.52        0.024917
internal    10   163 ( 164  165  160) |     13           (    1     4    20) |      354.75         354.70        0.039017
     tip     2   164 (  -1   -1  163) |      1[seq00002] (   -1    -1    13) |        0.00         354.75        0.039022
     tip     5   165 (  -1   -1  163) |      4[seq00005] (   -1    -1    13) |        0.00         354.75        0.039022
internal    11   166 ( 167  169  160) |     11           (    2     0    20) |      133.04         576.41        0.063405
     tip     3   167 (  -1   -1  166) |      2[seq00003] (   -1    -1    11) |        0.00         133.04        0.014635
     tip     1   169 (  -1   -1  166) |      0[seq00001] (   -1    -1    11) |        0.00         133.04        0.014635
internal    15   173 ( 174  175  151) |     14           (    7     8    34) |      419.74         539.65        0.059362
     tip     8   174 (  -1   -1  173) |      7[seq00008] (   -1    -1    14) |        0.00         419.74        0.046171
internal    14   175 ( 176  177  173) |      8           (    6     3    14) |        2.36         417.37        0.045911
     tip     7   176 (  -1   -1  175) |      6[seq00007] (   -1    -1     8) |        0.00           2.36        0.000260
     tip     4   177 (  -1   -1  175) |      3[seq00004] (   -1    -1     8) |        0.00           2.36        0.000260
outgroup     9   212 (  -1   -1  151) |     41[outgroup] (   -1    -1    34) |        0.00         909.09        0.100000


Dataset_2 Fragment_7 [704-765]
----------------- Nodes -------------------
  class  label index (left right anc) | NetNode[info]       (left right anc) |        time    time length   branch lenght
---------------------------------------------------------------------------------------------------------------
    root    16   181 ( 184  186   -1) |     33[root]     (    5    24    -1) |      935.97           0.00        0.000000
     tip     6   184 (  -1   -1  181) |      5[seq00006] (   -1    -1    33) |        0.00         935.97        0.102957
internal    15   186 ( 189  201  181) |     24           (   20    14    33) |      801.33         134.64        0.014811
internal    12   189 ( 192  195  186) |     20           (   13    11    24) |      709.45          91.88        0.010107
internal    10   192 ( 193  194  189) |     13           (    1     4    20) |      354.75         354.70        0.039017
     tip     2   193 (  -1   -1  192) |      1[seq00002] (   -1    -1    13) |        0.00         354.75        0.039022
     tip     5   194 (  -1   -1  192) |      4[seq00005] (   -1    -1    13) |        0.00         354.75        0.039022
internal    11   195 ( 196  198  189) |     11           (    2     0    20) |      133.04         576.41        0.063405
     tip     3   196 (  -1   -1  195) |      2[seq00003] (   -1    -1    11) |        0.00         133.04        0.014635
     tip     1   198 (  -1   -1  195) |      0[seq00001] (   -1    -1    11) |        0.00         133.04        0.014635
internal    14   201 ( 202  203  186) |     14           (    7     8    24) |      419.74         381.59        0.041975
     tip     8   202 (  -1   -1  201) |      7[seq00008] (   -1    -1    14) |        0.00         419.74        0.046171
internal    13   203 ( 204  205  201) |      8           (    6     3    14) |        2.36         417.37        0.045911
     tip     7   204 (  -1   -1  203) |      6[seq00007] (   -1    -1     8) |        0.00           2.36        0.000260
     tip     4   205 (  -1   -1  203) |      3[seq00004] (   -1    -1     8) |        0.00           2.36        0.000260
outgroup     9   213 (  -1   -1  181) |     42[outgroup] (   -1    -1    33) |        0.00         909.09        0.100000
