# E_nat/L= -0.234 K2/L= 0.0321 SC/L= 0.050 Tfreeze= 0.801
# Temp. DeltaG/L (REM2)
0.1 -0.13055
0.2 -0.12555
0.3 -0.12055
0.4 -0.11555
0.5 -0.11055
0.6 -0.10555
0.7 -0.10055
0.8 -0.09555
0.9 -0.09001
1.0 -0.08357
1.1 -0.07649
1.2 -0.06892
1.3 -0.06097
1.4 -0.05274
1.5 -0.04426
1.6 -0.03560
1.7 -0.02678
1.8 -0.01783
1.9 -0.00876
2.0 0.00039
2.1 0.00963
2.2 0.01893
2.3 0.02830
2.4 0.03772
2.5 0.04718
2.6 0.05669
2.7 0.06623
2.8 0.07581
2.9 0.08541
3.0 0.09505
3.1 0.10470
3.2 0.11438
3.3 0.12407
3.4 0.13379
3.5 0.14352
3.6 0.15326
3.7 0.16302
3.8 0.17279
3.9 0.18258
4.0 0.19237
4.1 0.20218
4.2 0.21199
4.3 0.22181
4.4 0.23164
4.5 0.24148
4.6 0.25133
4.7 0.26118
4.8 0.27104
4.9 0.28090
5.0 0.29077
