# E_nat/L= -0.215 K2/L= 0.0291 SC/L= 0.050 Tfreeze= 0.763
# Temp. DeltaG/L (REM2)
0.1 -0.13715
0.2 -0.13215
0.3 -0.12715
0.4 -0.12215
0.5 -0.11715
0.6 -0.11215
0.7 -0.10715
0.8 -0.10206
0.9 -0.09611
1.0 -0.08934
1.1 -0.08199
1.2 -0.07419
1.3 -0.06606
1.4 -0.05766
1.5 -0.04904
1.6 -0.04026
1.7 -0.03133
1.8 -0.02228
1.9 -0.01313
2.0 -0.00389
2.1 0.00541
2.2 0.01478
2.3 0.02421
2.4 0.03368
2.5 0.04320
2.6 0.05275
2.7 0.06233
2.8 0.07195
2.9 0.08159
3.0 0.09126
3.1 0.10094
3.2 0.11065
3.3 0.12037
3.4 0.13011
3.5 0.13987
3.6 0.14964
3.7 0.15942
3.8 0.16921
3.9 0.17902
4.0 0.18883
4.1 0.19865
4.2 0.20848
4.3 0.21832
4.4 0.22817
4.5 0.23802
4.6 0.24788
4.7 0.25775
4.8 0.26762
4.9 0.27749
5.0 0.28737
