# E_nat/L= -0.221 K2/L= 0.0294 SC/L= 0.050 Tfreeze= 0.767
# Temp. DeltaG/L (REM2)
0.1 -0.13795
0.2 -0.13295
0.3 -0.12795
0.4 -0.12295
0.5 -0.11795
0.6 -0.11295
0.7 -0.10795
0.8 -0.10288
0.9 -0.09697
1.0 -0.09024
1.1 -0.08291
1.2 -0.07514
1.3 -0.06702
1.4 -0.05864
1.5 -0.05004
1.6 -0.04127
1.7 -0.03235
1.8 -0.02331
1.9 -0.01417
2.0 -0.00494
2.1 0.00436
2.2 0.01372
2.3 0.02314
2.4 0.03261
2.5 0.04212
2.6 0.05166
2.7 0.06124
2.8 0.07086
2.9 0.08049
3.0 0.09015
3.1 0.09984
3.2 0.10954
3.3 0.11926
3.4 0.12900
3.5 0.13875
3.6 0.14852
3.7 0.15830
3.8 0.16809
3.9 0.17789
4.0 0.18770
4.1 0.19752
4.2 0.20735
4.3 0.21719
4.4 0.22704
4.5 0.23689
4.6 0.24674
4.7 0.25661
4.8 0.26648
4.9 0.27635
5.0 0.28623
