

Dataset_1 Fragment_1 [1-255]
----------------- Nodes -----------------------
  class  label index (left right anc) | NetNode[info]       (left right anc) |        time    time length   branch lenght
---------------------------------------------------------------------------------------------------------------
    root    16     1 (   2    3   -1) |     14[root]     (   12    13    -1) |      672.73           0.00        0.000000
internal    11     2 (   4    5    1) |     12           (    0    10    14) |      464.17         208.56        0.002294
     tip     1     4 (  -1   -1    2) |      0[seq00001] (   -1    -1    12) |        0.00         464.17        0.005106
internal    10     5 (   6    7    2) |     10           (    6     2    12) |      161.79         302.38        0.003326
     tip     7     6 (  -1   -1    5) |      6[seq00007] (   -1    -1    10) |        0.00         161.79        0.001780
     tip     3     7 (  -1   -1    5) |      2[seq00003] (   -1    -1    10) |        0.00         161.79        0.001780
internal    15     3 (   8    9    1) |     13           (   11     9    14) |      638.59          34.14        0.000376
internal    13     8 (  10   11    3) |     11           (    8     4    13) |      338.08         300.51        0.003306
internal    12    10 (  12   13    8) |      8           (    1     5    11) |       18.54         319.54        0.003515
     tip     2    12 (  -1   -1   10) |      1[seq00002] (   -1    -1     8) |        0.00          18.54        0.000204
     tip     6    13 (  -1   -1   10) |      5[seq00006] (   -1    -1     8) |        0.00          18.54        0.000204
     tip     5    11 (  -1   -1    8) |      4[seq00005] (   -1    -1    11) |        0.00         338.08        0.003719
internal    14     9 (  14   15    3) |      9           (    7     3    13) |       88.63         549.96        0.006050
     tip     8    14 (  -1   -1    9) |      7[seq00008] (   -1    -1     9) |        0.00          88.63        0.000975
     tip     4    15 (  -1   -1    9) |      3[seq00004] (   -1    -1     9) |        0.00          88.63        0.000975
outgroup     9    17 (  -1   -1    1) |     15[outgroup] (   -1    -1    14) |        0.00        9090.91        0.100000


Dataset_2 Fragment_1 [1-255]
----------------- Nodes -----------------------
  class  label index (left right anc) | NetNode[info]       (left right anc) |        time    time length   branch lenght
---------------------------------------------------------------------------------------------------------------
    root    16     1 (   2    3   -1) |     14[root]     (    9    13    -1) |     1018.21           0.00        0.000000
internal    10     2 (   4    5    1) |      9           (    6     3    14) |       21.56         996.65        0.010963
     tip     7     4 (  -1   -1    2) |      6[seq00007] (   -1    -1     9) |        0.00          21.56        0.000237
     tip     4     5 (  -1   -1    2) |      3[seq00004] (   -1    -1     9) |        0.00          21.56        0.000237
internal    15     3 (   6    7    1) |     13           (   12    11    14) |      830.55         187.65        0.002064
internal    13     6 (   8    9    3) |     12           (   10     5    13) |      457.01         373.55        0.004109
internal    12     8 (  10   11    6) |     10           (    8     1    12) |      173.28         283.73        0.003121
internal    11    10 (  12   13    8) |      8           (    7     0    10) |       18.54         154.74        0.001702
     tip     8    12 (  -1   -1   10) |      7[seq00008] (   -1    -1     8) |        0.00          18.54        0.000204
     tip     1    13 (  -1   -1   10) |      0[seq00001] (   -1    -1     8) |        0.00          18.54        0.000204
     tip     2    11 (  -1   -1    8) |      1[seq00002] (   -1    -1    10) |        0.00         173.28        0.001906
     tip     6     9 (  -1   -1    6) |      5[seq00006] (   -1    -1    12) |        0.00         457.01        0.005027
internal    14     7 (  14   15    3) |     11           (    4     2    13) |      331.57         498.98        0.005489
     tip     5    14 (  -1   -1    7) |      4[seq00005] (   -1    -1    11) |        0.00         331.57        0.003647
     tip     3    15 (  -1   -1    7) |      2[seq00003] (   -1    -1    11) |        0.00         331.57        0.003647
outgroup     9    17 (  -1   -1    1) |     15[outgroup] (   -1    -1    14) |        0.00        9090.91        0.100000
