5.7812	
0.2695	0.5952	
0.4661	0.3505	0.9497	
1.3462	7.8810	0.2107	0.0809	
2.2110	21.7961	0.4810	0.4285	0.3118	
1.6277	0.9474	0.1596	3.0581	0.0775	2.5975	
10.8057	33.3059	1.2393	2.7246	4.9289	2.7586	5.2329	
1.1849	25.1840	3.3978	1.4121	3.0156	16.3317	0.3448	2.6211	
2.8430	1.6006	0.4080	0.1665	0.8530	0.3818	0.2330	1.1880	0.8091	
3.5247	3.8610	0.1389	0.1455	1.6020	4.2456	0.2389	1.7717	3.8812	4.9955	
3.2121	44.2389	2.7246	0.4683	0.4071	15.5955	4.4397	6.0987	2.7250	1.0182	0.9515	
2.4700	3.2208	0.2454	0.1825	1.3074	1.2503	0.2514	1.6511	1.3252	20.6040	22.9502	3.5519	
1.1575	0.3125	0.1137	0.0729	4.4412	0.2213	0.1318	0.9418	2.5053	4.3256	16.2352	0.1981	2.4751	
4.6156	3.6055	0.0708	0.0974	0.3439	2.4477	0.1144	1.5748	2.7276	0.3109	4.3157	0.7915	0.3832	0.6816	
7.4187	11.0172	3.2995	0.4509	6.3992	0.8103	0.5713	16.9792	4.0065	3.3300	7.0888	4.5413	1.6054	7.9892	8.3636	
1.8201	0.7205	0.9273	0.0515	0.2140	0.2121	0.0647	0.4057	0.3112	1.7912	0.2450	0.9072	1.4516	0.1150	0.4146	2.4271	
0.2734	5.9090	0.0557	0.0388	3.4899	0.5181	0.1392	4.1977	0.2837	0.3235	2.5574	0.4046	0.8027	2.1045	0.1329	1.3450	0.0676	
0.6868	0.9344	0.6445	0.6808	9.5721	1.0834	0.1515	1.2115	29.0232	1.3576	1.4111	0.3127	0.8535	19.8449	0.3264	4.4415	0.1638	2.3281	
7.3435	0.7144	0.0725	0.2056	1.4399	0.2431	0.2415	3.0113	0.2099	22.4678	5.6890	0.4215	5.8807	2.0883	0.2448	1.1413	0.3886	0.4913	0.4486	

0.0217	0.0062	0.1984	0.1317	0.0062	0.0138	0.0784	0.0062	0.0062	0.0062	0.0062	0.0062	0.0062	0.0062	0.0397	0.0191	0.3699	0.0062	0.0062	0.0587
A	R	N	D	C	Q	E	G	H	I	L	K	M	F	P	S	T	W	Y	V
